7534 1100.0 60
7652 -0.8333333333299999 0.266666666667
23054 -124.0 43
14980 56.35673624288425 7
12837 -18.0 21
978 -178.833333333333 30
3513 4.0 4
15534 120.75 68.5714285714
12831 180.0 36
21881 799.4 240
18638 1500.0 1500
14552 0.3 0.3
21887 840.2 945
1818 60.0 60
5902 400.0 400
17497 15.0 315
20458 16.666666666666668 25
12053 -28.125 15
11062 796000.0 190
7828 4.8 3.072
13693 1203.0 750
18174 9.0 9
6679 21.0 21
6181 250.0 250
923 4000.0 4000
21017 0.8 81920
7686 0.05714285714285714 72
10874 2369.0 2369
12148 0.7291666666643749 1
5726 23005.0 47
13009 1152.0 1152
8509 500.0 320
2339 8.2 9
12042 0.3333333333333333 6
15159 0.34594594594594597 12.75
18333 425.0 42
7395 49.999999999999986 200
6061 88014.70999999999 1449.3
7729 27.041666666666668 2174
19245 3.761904761904762 5
316 20.65853658536585 2.9
6682 3120.0 3120
15563 96.0 150
11959 20.0 20
1120 16.0 16
233 54.666666666720666 12
15688 40.0 40
17147 481.0 481
21323 245.0 320
3456 57.292775000000006 0.47
20787 0.12 0.12
14915 12.0 12
1970 15000.0 15000
12906 0.5384615384615384 0.538461538462
13206 2160.0 30
15150 -1.44 936
581 8.0 8
3416 8.53981128 8.53981128
19230 6248.0 6336
14974 4.5 11
16206 5100.0 5100
9130 -5.75 0.125
3843 49.999999999950006 50
10464 160.000000000064 160
16208 7.0 6000
5364 78500.0 10
22153 -0.0030303030303030303 320
22057 30.000000000000007 13.5
9820 100.0 100
23017 0.47619047619064286 112
14404 7.9866888519134775 180
5413 0.65 0.6
17285 485.833333333245 318
21946 755.3325 126.75
6951 135.375 150
6051 25.0 20
15757 2.9899999999999998 3.05
20445 64.0 440
12348 80.0 80
18952 13.333333333333334 12
4050 -46.199999999999996 46.2
5899 0.9090909090909091 111
4412 200.0 200
15464 0.6351791530944625 61
12813 0.16666666666675 4.29166666667
5701 19.7 15.5
16257 160.0 14
1830 61350.0 61350
17773 5.0 40
10045 36.0 9600
4640 0.42857142857099995 0.428571428571
1688 0.14285714285714285 62
9962 90.60166666666667 120
20647 0.08256880733944955 0.09
15678 0.5 0.5
19222 -1.9 13.6
1888 1.804 6.76
18362 672.0 5600
21301 -277.21774193548384 1.2
11417 0.0 0.333333333333
13907 -34.0 65
22852 384.0 7
11276 2242.0 1229
16422 -17567.0 49
7257 77.999999999976 4
20524 3320.0 470
21203 0.6 100
6155 1.0125 81
9322 1.5 450
4129 52.881844380403464 6
12922 27.0 27
4234 36.1 36.1
7459 4200.0 170
18453 31.999999999992 18
12472 0.42857142857200003 0.428571428571
1329 160.0 160
14341 32.000000000016 32
4084 9230.0 19520
22574 1230.0 15
11350 7.0 7
22726 1008.0 28
14706 1.4 1.4
20302 28.0 28
10437 0.35714285714285715 715
18415 649.999999998 600
22015 89.28571428574999 50
22195 15.135135135135135 11
16997 13499775.0 75
17108 -0.007035175879396985 280
4289 600.0 600
21848 75.0 75
18360 576.0 400
2350 -6.442953020134228 58
3744 0.0016638935108153079 54
10838 0.09090909090909091 0.1
12421 320.0 130
22255 0.20930232558139536 80
13213 -0.15384615384615385 0.2
4716 1049.76 1.2
23146 70.0 70
18585 10.05 0.5
4504 -0.041666666666666664 28
17301 1850.0 1850
22294 23.999999999999996 24
15835 15.0 15
4118 -34.399999999999196 46
17109 280.0 96
9080 0.92 4600
23085 10.714285714286 10.7142857143
16001 2.6666666666666665 48
21186 -450.0 1200
2267 104.0 564
13141 810.00000000081 81
21632 12.5 6.5
5135 22.0 22
3589 530.0 530
4468 1920.0 4
6744 2.0996052742063494e-05 63
10394 0.4 0.4
7123 100.0 100
5205 -2.9 0.3
5089 1.1 11
10529 76.0 76
7098 672.0 672
11573 4.3 4.3
15765 45.0 225
7198 250.00000000000003 250
16277 8.5 1.5
13466 100000.0 10
6910 27.0 120
21695 8.0 8
15334 336.000000000336 168
16628 -15.172413793103448 40
18685 0.0033333333333333335 50
3757 -1780.0 10
5144 1.1904761904761905 930
3379 1.6666666666666667 21
1536 1.111111111111111 200
6725 7.0 7
2479 9.999999999989999 80
9143 0.14 0.14
3724 -0.7629999999999999 3.88
742 -3.1578947368421053 0.25
4079 0.49 6825
22672 0.7484375 1120
19291 10.0 10
17403 1160.0 12
11231 0.4444444444444444 0.444444444444
15583 108.4 123
15263 2000.0 200
20131 -27.999999999984 20
8945 450.0 60
6827 0.14285714285714285 0.142857142857
8040 0.26785714285725 0.267857142857
22913 -100.0 35
7496 5400.0 5400
6776 409.0 169
12186 27.47222222222222 15
1675 -56.25 1350
12474 0.4444444444444444 0.222222222222
1779 60.4 360
14732 75.0 55
2332 1000.0 90
3514 33.84615384605621 300
8444 126.0 126
19806 360.0 240
3906 2810.0 6
7555 3.75 3.75
15320 -34.980000000000004 2000
16903 14112.0 392
12994 5306.0 5306
21128 30.0 30
3946 50.000000000025004 120
13680 400.0 400
15377 11.523809523809524 55
14874 -36.0 40
19586 64.0 64
22011 -0.0234375 258
13229 288.0 6
4179 -0.25 0.75
19377 0.8235294117647058 58
8453 711.0 1935
6470 5.25 200
118 3.0 3
5853 20.0 20
21398 8001.6 1250
5036 -7.6 120
1355 25.0 25
11936 10.799999999999999 30
2570 0.2666666666666 360
13439 7.0 7
7654 6.0 6
3784 -57.142857142857146 200
16486 -2205.000000000014 37
10750 45.0 4.5
8438 0.49166666666666664 900
9681 650140.0 65
12868 8.888888888888857 80
8067 -12.0 10
21421 1.7777777777777777 1.77777777778
14754 100.8 115.2
9078 3.2129396788997536e-05 0
17140 1517472.0 2246
7722 5625.0 20
2791 41.0 98
6648 226.66666666666663 40
3775 144.0 144
15793 0.16666666666666666 0.166666666667
1466 0.2375 84.375
3501 -4.008016032064128 0.2
20781 1280.0 2000
10980 25967.5 6110
1393 200.0 200
771 21.0 21
22667 1.150537634408602 3.6
15748 1.6 1.6
15803 0.017361111111111112 36000
19868 2360.0 344
19390 -0.0011111111111095238 77.7777777778
15140 44.444444444488894 60
5859 20.0 20
1705 159.0 208
1411 224.0 800
22239 -0.039473684210526314 15
15208 140.0 8120
12465 128.40000000000597 0.206896551724
1789 0.10641025641025642 1.56
19129 6.24 0.1
14906 0.00019994001799460164 125
17781 -0.030454318522216674 34
20076 49.000000000006125 64
18326 8.0 8
14762 810.0000000000002 9
20828 2400.0 2400
18063 14.0 14
14100 0.4 2.4
1538 18.181818181818183 8
17983 215.99999999987295 216
15937 488.5714285714286 488.571428571
9111 -0.36 2.2
1302 432.0 432
14281 2.8 2.8
9252 0.0 27.75
253 5.0 5
9208 2.2857142857139183 180
17422 3605400.0 10
10328 3.0 15
2747 0.85 6
10869 1080.6779999999999 1998
2195 300.0 7
1595 1896.0 2121
21239 67.5 67.5
4664 270.0 270
8033 8.0 8
6953 4.694444444444445 8
11657 -0.759493670886076 0.25
17902 4800.0 1800
7911 -288.0 3
19018 0.8042328042326032 75
1592 7.1000000000000005 8.7
17266 18.0 18
22981 36.0 36
21855 450.0 43
21575 2250.0 9000
12587 48.0 87
1911 839.99999999937 840
10565 0.2 0.2
4999 0.37142857142799995 0.571428571429
6152 0.5 0.5
18609 40.0 40
14332 -1.4933333333324 9
3439 -0.5833333333335 0.833333333333
13381 42.0 42
17611 1680.0 400
3478 8000.0 264
3852 1.7 12
17504 8.0 18
12505 1.4666666666666668 0.7
8452 4000.0 40
17850 8.0 56
6997 432.222222222222 264
14179 200.0 162
2894 -9.0 28
11644 11.0 11
643 1119.0 867
18153 459.0 459
12969 45946.56 252
2337 0.05 0.95
10407 0.30000000000000027 0.5
6439 0.525 700
14142 0.96 0.04
19900 -6.0 2
22332 86.4 86.4
7086 34300.0 28
12537 5.0 0.1
13501 2.9699999999999998 2.4
2141 41.15384615384615 840
7207 3.0 50
20436 0.01 4.5
21726 12.100000000000001 12.1
9828 -0.0011129660545358931 1500
3115 -3392.0 73
7066 0.002802144249513158 216
18232 0.8333333333325 0.266666666667
17668 6.0 22
514 3.0 3
14444 0.5333333333336 150
19741 8.7 8.7
2732 240.0 135
18517 5.0 5
12797 0.19999999999760004 18
9856 504.0 48
2466 15.333333333333 10
17388 3600.0 3600
9650 31.0 31
1988 -5634.67 130.13
20281 0.09999999999999998 0.1
842 280721.0 5
8137 213.54545454545456 26100
10287 -0.0026041666666666665 392
9251 35.555555555519994 360
2866 5.0 90
16212 2.0 2
4197 1185230.0 490
5069 4037.04 6.1
9566 0.13793103448275862 170
15995 10.0 10
18319 122.4 489.6
853 40.0 40
11135 301.45 780
18772 -0.18388429752066118 39.2
18618 8.0 5
12567 0.6 240
12256 66.66666666666667 96
11894 -3745.2 1.5
11538 50.0 50
7295 50.0 50
8089 0.166666666667 10
6780 0.625 0.35
19497 5.429246293061726e+168 1.5
15177 0.16 0.16
8565 36.0 36
21876 0.06666666666666667 143
7931 -43.0 87.6
11060 0.39999999999999997 0.4
15573 14.0 14
1553 -0.031055900621086957 34.5
11683 114.0 114
8269 0.0009302325581395349 1075
17025 4018.0 58
7364 7.0 7
14314 0.036000000000000004 0.036
20327 -28320.0 0.125
10799 -5.333333333333 0.833333333333
11165 198.0 54
15036 4.5 7.5
11767 78.000000000078 78
17369 -113.89830508474576 39
8319 -50.00000000022998 528
406 1926.0 7
13945 33.666666666666664 50
10050 0.011908931698774083 30
11429 160.0 25
17479 8.9 8.9
11659 0.0015282730514503335 120
16156 93500.00000000001 93500
10333 107.2 48
12203 0.06584362139920823 0.0833333333333
20631 -52680.0 7920
5009 64.00000000008001 64
3258 0.005333333333333333 30
17281 10.5 4
6922 250.0 730
9165 840.0 840
1249 3.0 600
9342 14400.0 1
11078 0.08662696264212236 0.25
2102 4.8076923076923075 16
5137 0.19999999999999998 0.25
18088 11.0 11
19267 0.5625 52
7293 180.0 180
11509 1.666666666666 0.972222222222
1591 0.9944751381215425 225
5846 53.333333333333336 300
4346 -1349.42 783
17849 0.033333333333300005 5.45454545455
10505 2.6315789473684212 40
3202 105.0 105
9511 20.0 16
11061 60.0 60
2316 12.0 3
14575 0.435 0.125
9289 0.004166666666666667 32
11873 18.0 198
17694 -50.0 50
10001 2.4000000000000004 0.4
1520 8.421052631578947 5
8463 -59.416666666667 28
10077 18.96 18.96
21794 -15.0 0.25
19545 -0.0046875 200
17535 1980.0 1980
22821 1.3333333333333333 4
21557 1542.6 52
1140 132.0 9
15890 0.2 0.8
17134 1698.6666666666667 5
3475 0.0004982559798166703 0.999002991027
9849 400.0 400
13309 2064.15 310
20185 4560.0 10
18748 146.285714285696 112
2957 -6.75 80
1929 2000500.0 528.35
7607 36.0 36
327 22500.0 0
11541 1100.0 1100
7657 75.0 5
9592 23.0 15
13295 7.0 8
12387 56.0 5
10930 3.0 3
8289 3300.0 108
14335 0.006 238
3500 8000.0 8000
22994 -28.0 60
21882 324.0 36
18002 -20.0 3
11879 -0.053106744556558685 6
7417 39.8 40.2
6088 11.0 27
19437 168.8 15.6
14847 26.0 26
15901 28.8 228.8
15948 144.0 144
5063 45.2 80
11790 840.0000000001528 840
4829 0.32000000000000006 1.33333333333
4159 42.0 42
20513 25.0 200
13691 72.0 72
6892 -14160.0 0.2
8793 0.13333333333333333 30.6
5231 0.05555555555555555 18
21370 -0.08333333333299997 2
2506 750.0 750
12936 540.0 2040
7536 9.142857142857144 7.8
16035 4.800000000000001 3.57
2916 6.0 6
20803 12.0 12
11214 0.30000000000004357 0.3
12802 56980.0 76
15384 nan 95.76
1919 46.444444444398 171
1795 -29.0 3
23066 -75.01854140914709 53.9466666667
21639 75.00000000000001 75
4493 -3.0000000000094285 45
21176 3.9599999999999995 6
22059 210.0 90
10632 -0.20746058091286307 720
12514 63.9999999999744 36
1291 2304.0 26
7942 2.0000000000035003 2
829 30.0 30
17470 110.00000000002501 110
432 1008.0 27
610 -224400.0 17
13490 30.25000000003025 0.590909090909
18573 3.8461538461538463 0.3125
2651 0.25 4
2625 0.013888888888888888 72
1035 -1.877167755990811 33.5
4299 9.0 15
22620 102.0 102
9682 7.0 2500
20963 0.0011111111111111111 330
17516 500.0 500
12323 1.3333333333333333 40
14903 80.99999999998988 81
17078 35.999999999951996 36
10910 640.0 11
20800 1000.0 1000
8590 760.0 2
11446 16.25 16.25
7487 87120.0 0.2
5006 2800.0 1520
8101 1.0 2.5
11476 12.407407407416665 11
17789 -434.99999999999983 200
14524 80.0 620
2349 31.249999999999996 31.25
4383 2268.0 2268
12008 350.0 100
13992 19.0 20
9448 2.0 2500
14773 0.02 8.33333333333
3003 4.2749999999999995 90
3301 9.32 4.66
5918 81.08108108108108 100
20952 -36.5625 6
9883 500.0 500
22714 85.33333333333333 170
21612 270.0 270
10474 1.1800000000000002 14.4
14965 15.0 15
3487 24.975 5
19875 20.0 20
16757 11.0 38
5754 9.0 9
13635 0.06153846153846154 1040
22110 12.0 12
8535 3016.0 308
11727 -3.04 56
15141 354.0 120
18419 16.0 1
10867 105.0 45
11204 0.33333333333333337 15
9874 0.525252525253 0.525252525253
12075 2.0 12.5
17268 0.02 33
11792 4320.0 4320
7240 399.0 399
12602 300.0 300
3932 11.818181818181818 713
10298 51.0 17
7150 3574.2857142857147 700
13982 0.5833333333329717 0.583333333333
5273 0.050724637681159424 26
22259 90.0 60
12349 4.0 20
5906 195.0 195
16642 480.0 480
3255 404.3076923076923 84
8248 59.0 61
20022 1.8571428571428572 0.533333333333
19973 15.0 0.0666666666667
13573 316.0 31
22928 0.00021132713440405747 7
6427 1.5 21
9658 75.00000000033751 75
163 0.125 0.125
12855 -0.6612244897959183 95
15740 162.0 27
14855 19659.0 390
13741 -0.05259259259259259 1.4332
22202 840.0 840
20771 2268.0 1764
18851 24.0 25
6931 -29.666666666666668 120
15346 -10.25316455696202 110
10002 76.5 75
17583 17600.0 1000
11602 48.333333333333336 80
14609 3.4 2.4
15897 5985.0 5985
21211 60.00000000000001 60
18405 7.2 3
19680 28.800000000000004 5.5
11450 59.999999999879996 50
12691 2.5 2.5
7012 13.5 13.5
6096 84.0 38
18450 0.9319727891157142 0.3
21348 800.0 800
13807 0.0196078431372549 0.0196078431373
3561 0.6666666666666666 0.5
14069 6036.0 20700
10589 21875.428571428572 1500
2954 35.555555555573335 20
16273 1.0345071300973196 1
8287 501.0 3
19878 154.13333333333333 6
1611 27327.89527242847 282.6
1883 349.9999999999416 350
20297 244.72299999999998 2
14752 0.8571428571428571 3.71428571429
8819 0.625 1.3
3064 -0.6020066889632106 500
15886 0.3333333333333333 0.5
4358 240.0 375
14955 4.0 4
4622 9.0 11.75
10707 32.0 32
2599 60.0 12
4752 6.5 66
7154 18.0 2
22380 -0.039603960396039604 1368
21487 -0.375 36
7844 1123.2 1123.2
11081 12.0 3
18385 0.00881542699724518 200
7185 145.0 145
2216 57.5 30
8199 0.7142857142857143 16
16493 180.0 65
11169 1350.0 60
2972 315.0 315
20043 2.5 2
22444 85.0 15
2498 5.999999999994 6
5404 66.0 66
1125 31999.999999996002 4000
14461 367.0 367
16284 1.2954545454545454 104
12335 -4.341875 15.7
18883 1250.0 1100
18318 78.0 4
12119 2000.000000001 2000
7490 3.0 3
16758 49.0 200000
20234 7.363636363636363 10
35 1.5 4
20657 18720.0 3120
440 6.0 6
4219 17.43576388888889 35.7
20848 22.1 9.25
22775 36.57142857142857 256
5250 5040.0 5160
15092 24.0 24
11334 10430.0 10430
2717 33.0 720
22148 4.9999999999995834 5
969 3600.0 3600
15090 19.45 19.45
5483 -4.3500000000000005 40
3094 33.23076923077026 33
7598 726.0 180
20519 448.00000000000006 64
14076 75.0 75
18959 10.0 250
8614 600.0 600
5126 280.0 40
10725 0.0044444444444444444 37.5
19368 11.666666666667 16
2519 -48.0 1296
20186 0.1875 192
17901 1587.5 1587.5
22051 36.0 36
15481 -49.0 63
2598 6.0714285714309995 9.33333333333
16489 3.95959595959596 2
4142 12.0 14
7258 33.5999999999328 224
7212 2.520080321285141 275
15434 300.0 300
14117 28.0 37
13947 23800.0 23800
15323 26.0 26
2587 599.0 15
18617 1000.0 1000
1235 6.0 0.5
3193 0.30845681789999996 1.111
18156 4.986666666666666 6
11665 2400.0 2400
4963 0.0666666666668 560
22633 52.5 8
18553 23.666666666667 9
19730 40.0 40
10398 480.0 480
2801 0.041666666666666664 27
9245 61.0 61
14014 -3.8285714285714287 4
10772 0.4444444444444444 13
11132 7.0 12
2075 14592.0 16
19122 15675.0 15675
4922 -0.999375 1920
19595 0.020408163265309524 49
14531 0.25 0.375
7781 1.5902777777777777 5.5
3161 1.666666666665 562.5
5687 3600.000000000001 40
10590 23.5 23.5
6057 19.700000000000003 12.1
7553 2.9999999999994 3
588 60.0 45
21505 420.0 90
12215 0.05656565656565657 523
11985 52.0 420
8241 130.0 130
13746 1.26 1.26
12878 0.25 57
243 1000.0 240
7221 5.6 6
20984 0.0026666666666666666 20
16019 497.77777777777777 490
19176 512.0 800
754 34.29 38.75
17290 -0.8275862068965517 2
19158 0.7000000000000001 0.7
13814 0.20833333333333331 4.8
22682 -153.0 32
306 50.000000000025004 50
15599 0.625 0.15
18902 -331.1639871382636 718
20360 60.25 15
19866 62.800000000000004 31.4
4415 0.5833333333333334 10
15083 0.8571428571428571 845
2772 0.08 0.08
20388 2400.0 2300
12577 4200.0 4200
18707 -66.66666666666666 0.047619047619
1514 48.0 48
6187 55.800000000000004 55.8
16895 36.0 144
14372 1.0 3
11528 112.0 112
16601 -77.0 42
16638 11.999999999994001 12
8047 0.21 0.21
20300 67.5 210
362 0.16666666666666666 0.166666666667
13792 0.33999999999999997 0.34
8321 6.0 36
22396 0.24999999999999994 0.444444444444
12072 135459.0 12
11294 0.9999999999835012 1
22395 913.6363636363635 60
21325 1.35 0.825
6137 72.0 72
7028 1.2195121951219512 8217
11258 0.7972222222222223 0.73
6581 30.0 330
21662 7410.0 204
10977 5.0 5
13450 0.1250521050437682 4800
6254 2405.0 1080
15248 90.428571428571 255
14217 2.5 2.5
17256 0.993816425120773 180
15553 5.0 5
11029 11.052631578947368 10
4436 3.3600000000000003 4.2
6900 18.0 18
3180 0.00199700449326011 0.25
12115 5.0 5
8839 11666.666666666666 17
17180 810.0 70
12069 0.8 0.657142857143
4872 119.0 177
14058 -1.8606847697756788 2424
7211 6.48 1.3
706 -9.485714285714286 620
8561 -11.666666666642 8
16946 -224.25 400
3111 -0.05128205128205128 90
15917 28.8 28.8
14731 100.0 100
3421 150.0 30
3645 8.333333333333002 8
244 6000.0 3840
5868 31.999999999920004 32
18252 3.0 3
14126 3.39 3.39
22739 12.495 12.495
1131 1.8285714285714285 0.8
6130 8.0 8
12775 0.08333333333333333 0.0833333333333
10684 499.0 3
20151 17.0 22
2929 0.4285714285715 0.428571428571
20140 3.0 3
20611 4.9 4
3950 27.428571428568 21
4250 24.0 44
22183 145.0 145
1739 15300.0 15300
6832 12.0 12
13861 112.0 96
6992 80.5 40
14143 435344.0 1157
3268 175.0 175
20583 -50.90909090909091 4370
2255 1500.0 600
3583 0.16666666666666666 0.0833333333333
19867 480.0 720
21555 -0.009259259259259259 112
6022 26.052631578947366 15
10299 -4.5 2
19587 300.0 800
17421 -4.1000000000000005 0.833333333333
8030 0.16666666666666666 54
4012 39.111111111111114 80
19921 23.0 23
1462 13000.0 20
11718 5.0 5
16702 76.0 76
17880 96.0 96
11982 1.32 1.32
3271 10850.0 10850
5985 2.0 251.2
1790 -47.800000000000004 900
2305 4.32 44.5
1392 6388.8 6388.8
12149 0.037037037037037035 324
15961 71.35714285714286 1850
13217 0.25 4
16746 -480.0 960
5449 438636005.19200003 3
20321 -143.8666666666668 240
10640 0.15789473684210525 4000
16227 220.0 60
8558 -0.222222222222 0.333333333333
18301 1.25 0.2
14235 10.0 10
2455 24.03 24.03
20259 19.800000000000008 19.8
19655 75.0 70
13275 323.9999999997408 100
