954 216216.0 216216.0
956 299484.0 299484.0
2015 1924.0 1924.0
976 -0.71875 -0.71875
982 5893157296026.0 5893157296026.0
985 78706.0 78706.0
999 223404480.0 223404480.0
1040 5184000.0 5184000.0
1004 274.0 274.0
600 3000.0 3000
1011 117740.0 117740.0
1012 10080.0 10080.0
686 6750.0 6750
1046 26.543513101659002 26.543513101659002
1066 625.0 625.0
1067 560.0 560
1069 66030.0 66030.0
41 0.30000000000000004 0.3
1088 87280691400.0 87280691400.0
1092 2976.0 2976.0
1095 376.0 376.0
1099 56.0 56.0
1104 3873860100.0 3873860100.0
1105 453.0 453
1118 52000.0 52000
1122 1026.0 1026.0
1133 11020.0 11020
1147 5382013074.0 5382013074.0
1157 385.0 385.0
1164 1026.0 1026.0
1173 1682.0 1682.0
1179 91931.0 91931.0
1186 418200.0 418200.0
1194 48440106.0 48440106.0
1198 6774144.0 6774144.0
1200 27440.0 27440.0
1203 112390880.0 112390880.0
1217 3562120.0 3562120.0
1230 788112.0 788112.0
1232 3162.0 3162.0
1247 225.0 225
1251 -0.5428571428571428 -0.5428571428571428
1254 254562.0 254562.0
617 360.0 360
110 2205.0 2205
1295 7851720.0 7851720.0
1296 218400.0 218400.0
1315 3146.0 3146.0
1320 103247.0 103247.0
1325 4968.0 4968.0
1331 2675.0 2675.0
1338 53.0 53.0
1340 1.4308943089430894 1.4308943089430894
1352 4567612665.0 4567612665.0
1359 5285280.0 5285280.0
1367 475716.0 475716.0
1371 702.0 702.0
1372 5985.0 5985.0
1681 8576.0 8576.0
1392 6873.0 6873.0
1396 240.0 240
1397 48668.0 48668.0
1402 104580.0 104580.0
1422 8528085.0 8528085.0
1438 106.5 106.5
1444 4758.0 4758.0
1448 204.0 204.0
2217 13720224.0 13720224.0
1449 0.1363636363636 0.136363636364
1455 0.26954863318499683 0.26954863318499683
1458 0.8073981542854229 0.8073981542854229
1473 180.0 180
1475 10528848.0 10528848.0
1476 10142808.0 10142808.0
1488 144.0 144
1503 39900.0 39900.0
1514 280.0 280.0
1518 0.4444444444444444 0.444444444444
1526 80410.0 80410.0
1541 13910400.0 13910400.0
1548 67704.0 67704.0
1568 23.525339373123398 23.525339373123398
1576 687.0 687.0
1577 864.0 864
1592 4592.0 4592.0
1602 700.0 700.0
292 31536000.0 31536000
1632 -18.0 -18.0
1648 1936.0 1936.0
1653 2744.0 2744.0
1762 155.88888888888889 155.88888888888889
1661 228.0 228.0
1674 134.0 134.0
1687 486.0 486
1692 1232.0 1232.0
1711 22950000.0 22950000.0
1730 167.0 167.0
1731 94.0 94.0
1752 0.84 0.84
1779 -0.75 -0.75
1784 0.9037037037037037 0.9037037037037037
2316 1369.0 1369.0
1900 82.0 82.0
1919 31000486944.0 31000486944.0
1920 1890108.0 1890108.0
1922 6.0 6
1929 46746.0 46746.0
1942 205.0 205.0
1943 133.0 133.0
1950 1031510.0 1031510.0
1952 86700.0 86700.0
1955 1440.0 1440
1957 291456.0 291456.0
1965 132.0 132.0
1981 5750352.0 5750352.0
1995 131424.0 131424.0
1997 1082004.0 1082004.0
2002 100.0 100.0
2026 462384.0 462384.0
2033 37004.0 37004.0
2053 22.053571428571427 22.053571428571427
2067 1560896.0 1560896.0
385 80.0 80
2093 1649061.0 1649061.0
2099 1331.0 1331.0
2100 64.0 64.0
2103 59319.0 59319.0
2109 8.35483870967742 8.35483870967742
2118 67811.0 67811.0
2137 7605.0 7605.0
2146 3996.0 3996.0
2167 1800.0 1800.0
2168 4004.0 4004.0
2183 4224.0 4224.0
2209 2.6382978723404253 2.6382978723404253
2242 867510.0 867510.0
2252 75548.0 75548.0
2259 1600.0 1600.0
2272 39.0 39.0
2282 17280000.0 17280000.0
455 11.0 11
2356 4.8 4.8
473 210.0 210
2360 551448.0 551448.0
2364 429975.0 429975.0
2367 213759.0 213759.0
2393 6862.0 6862.0
2394 44100.0 44100.0
2413 5720.0 5720.0
2419 0.008927575047427742 0.008927575047427742
497 3.0 3
2424 7826.0 7826.0
2427 6014.0 6014.0
2428 1479.0 1479.0
2435 33284498950.0 33284498950.0
2439 289304.0 289304.0
2465 86.11981566820276 86.11981566820276
